fm =

 Columns 1 through 5:

   3.0754e+00   3.8416e+00   2.4052e+00   7.5416e-01   2.6501e-01
  -1.7135e+00   2.3662e-01   8.6178e-01   4.1197e-01   7.5880e-02
  -2.7416e+00  -6.1211e-01   3.5356e-01   2.7133e-01   4.0209e-02
  -2.0701e+00  -1.1359e+00   1.4786e-02   2.2115e-01   7.2506e-02
  -2.2158e+00  -1.4792e+00  -2.5647e-01   2.0628e-01   1.4328e-01
  -1.9572e+00  -1.7052e+00  -5.0759e-01   1.6581e-01   1.7470e-01
  -1.7742e+00  -1.9598e+00  -7.7570e-01   1.3018e-01   1.7207e-01
  -1.7731e+00  -2.2250e+00  -1.0009e+00   1.9561e-02   1.3224e-01
  -1.6848e+00  -2.4389e+00  -1.2463e+00  -1.0899e-01   4.0763e-02
  -1.6967e+00  -2.5856e+00  -1.4880e+00  -3.3000e-01  -9.0049e-02
  -1.7627e+00  -2.6846e+00  -1.7017e+00  -5.1424e-01  -2.0890e-01
  -1.8311e+00  -2.7008e+00  -1.8123e+00  -6.7937e-01  -3.0018e-01
  -1.9810e+00  -2.6040e+00  -1.8552e+00  -7.3685e-01  -3.0926e-01
  -2.1206e+00  -2.4425e+00  -1.8166e+00  -7.7548e-01  -2.9499e-01
  -2.2098e+00  -2.3126e+00  -1.7885e+00  -7.5025e-01  -2.1835e-01
  -2.2031e+00  -2.2103e+00  -1.7839e+00  -7.1808e-01  -1.7386e-01
  -2.1045e+00  -2.1447e+00  -1.7823e+00  -7.4241e-01  -1.7804e-01
  -1.8699e+00  -2.1067e+00  -1.8987e+00  -8.4669e-01  -2.6321e-01
  -1.5677e+00  -2.0433e+00  -2.0557e+00  -1.0365e+00  -5.0347e-01
  -1.2091e+00  -1.9550e+00  -2.1942e+00  -1.2883e+00  -7.9040e-01
  -7.9300e-01  -1.7497e+00  -2.3110e+00  -1.5900e+00  -1.1313e+00
  -3.1047e-01  -1.4380e+00  -2.3029e+00  -1.8507e+00  -1.4450e+00
   1.6820e-01  -1.0215e+00  -2.1694e+00  -2.0241e+00  -1.6842e+00
   6.7687e-01  -5.4494e-01  -1.9171e+00  -2.0842e+00  -1.7534e+00
   1.1937e+00  -6.6133e-02  -1.5679e+00  -2.0096e+00  -1.7114e+00
   1.6253e+00   4.0527e-01  -1.1873e+00  -1.8705e+00  -1.5719e+00
   1.9864e+00   7.7749e-01  -8.2245e-01  -1.6529e+00  -1.3941e+00
   2.1921e+00   1.0111e+00  -5.4170e-01  -1.4024e+00  -1.1845e+00
   2.2673e+00   1.0699e+00  -3.6439e-01  -1.2043e+00  -9.9916e-01
   2.2242e+00   9.4568e-01  -3.4599e-01  -1.0432e+00  -8.6765e-01
   2.1045e+00   6.5291e-01  -4.3185e-01  -9.4237e-01  -7.9818e-01
   1.9076e+00   2.7194e-01  -6.8427e-01  -9.0957e-01  -7.8756e-01
   1.6839e+00  -1.5777e-01  -9.7246e-01  -9.4731e-01  -8.5214e-01
   1.4252e+00  -5.1942e-01  -1.2983e+00  -1.0692e+00  -9.3016e-01
   1.1813e+00  -7.5372e-01  -1.6089e+00  -1.1925e+00  -1.0321e+00
   9.1943e-01  -8.3014e-01  -1.7667e+00  -1.3701e+00  -1.1027e+00
   6.3678e-01  -7.6294e-01  -1.7378e+00  -1.4574e+00  -1.1488e+00
   4.0452e-01  -6.1195e-01  -1.5699e+00  -1.4804e+00  -1.1121e+00
   2.1804e-01  -4.0635e-01  -1.3235e+00  -1.3671e+00  -1.0175e+00
   8.2617e-02  -2.0976e-01  -9.9256e-01  -1.0999e+00  -8.1585e-01
   1.1252e-03  -7.9424e-02  -5.5500e-01  -6.5602e-01  -4.8936e-01

 Columns 6 through 10:

  -1.2181e-01  -3.9479e-01  -6.5761e-01  -9.4245e-01  -1.2728e+00
  -1.9172e-01  -3.9304e-01  -5.0015e-01  -6.1806e-01  -7.2475e-01
  -1.7336e-01  -2.9213e-01  -3.3580e-01  -3.9138e-01  -3.9572e-01
  -7.9218e-02  -1.7035e-01  -1.8790e-01  -1.6985e-01  -1.7093e-01
   1.2131e-02  -6.6377e-02  -6.3831e-02  -3.4661e-02   1.7908e-02
   9.8039e-02   6.3442e-02   5.1787e-02   9.6308e-02   1.5911e-01
   1.6333e-01   1.0283e-01   1.1179e-01   1.3806e-01   2.3272e-01
   1.5642e-01   1.4502e-01   9.1949e-02   1.1850e-01   2.1242e-01
   8.9030e-02   1.0674e-01   5.7428e-02   1.0033e-01   1.7823e-01
  -1.4492e-02   3.2107e-02  -1.4445e-02   4.1652e-02   1.2072e-01
  -1.1267e-01  -5.6315e-02  -5.3651e-02   4.0812e-02   7.5848e-02
  -1.7864e-01  -7.2602e-02  -4.7581e-02   4.2644e-03   9.5410e-02
  -1.8793e-01  -2.7533e-02   2.5104e-02   1.0480e-01   1.7527e-01
  -9.5172e-02   4.9356e-02   1.4733e-01   2.4795e-01   3.0146e-01
   8.0993e-03   1.9993e-01   3.2096e-01   4.2697e-01   4.9620e-01
   1.1112e-01   3.1312e-01   4.6926e-01   6.2284e-01   7.0925e-01
   1.5497e-01   3.8772e-01   5.9929e-01   7.4447e-01   8.7987e-01
   8.9057e-02   3.4844e-01   6.1673e-01   7.8716e-01   9.8481e-01
  -9.4199e-02   1.9108e-01   4.8504e-01   7.2163e-01   9.6005e-01
  -3.9124e-01  -7.9783e-02   2.7301e-01   5.3681e-01   8.2867e-01
  -7.4282e-01  -4.2629e-01  -3.5978e-02   3.0271e-01   6.3831e-01
  -1.1066e+00  -7.7014e-01  -3.4350e-01   3.2758e-02   4.1585e-01
  -1.3698e+00  -1.0724e+00  -6.1059e-01  -2.0630e-01   2.0638e-01
  -1.5393e+00  -1.2333e+00  -7.8924e-01  -3.4083e-01   1.0258e-01
  -1.5428e+00  -1.2616e+00  -8.3531e-01  -3.8824e-01   5.0315e-02
  -1.4672e+00  -1.2076e+00  -7.7556e-01  -3.3607e-01   5.5140e-02
  -1.3160e+00  -1.1029e+00  -6.8848e-01  -3.0751e-01   9.8678e-02
  -1.1735e+00  -9.6134e-01  -6.2202e-01  -2.5201e-01   8.3217e-02
  -9.9811e-01  -8.6453e-01  -5.7833e-01  -2.4424e-01   6.6703e-02
  -9.0405e-01  -8.1231e-01  -5.2550e-01  -2.6545e-01   8.6251e-03
  -8.5150e-01  -7.5774e-01  -5.4988e-01  -3.0731e-01  -2.6648e-02
  -8.1419e-01  -7.1987e-01  -5.0020e-01  -2.9382e-01  -1.9326e-02
  -7.9265e-01  -6.3454e-01  -4.3600e-01  -2.1221e-01   8.2873e-02
  -7.5583e-01  -5.4318e-01  -2.8489e-01  -1.2508e-02   2.8555e-01
  -7.3272e-01  -4.0025e-01  -1.0337e-01   2.3979e-01   5.8725e-01
  -7.1025e-01  -2.6786e-01   1.3701e-01   5.0003e-01   8.7128e-01
  -6.8067e-01  -1.2105e-01   3.3758e-01   7.5572e-01   1.1258e+00
  -6.2655e-01  -2.2128e-02   4.7230e-01   9.0882e-01   1.2841e+00
  -5.2976e-01   2.8458e-02   5.1545e-01   9.4743e-01   1.2829e+00
  -4.2720e-01   3.0940e-02   4.5767e-01   8.4716e-01   1.1119e+00
  -2.5008e-01   4.0466e-02   2.8854e-01   5.4659e-01   7.3533e-01

 Columns 11 through 15:

  -1.5739e+00  -1.9489e+00  -2.2923e+00  -2.5523e+00  -2.7433e+00
  -8.4289e-01  -9.6503e-01  -1.0714e+00  -1.1773e+00  -1.2188e+00
  -4.2322e-01  -4.5287e-01  -4.8890e-01  -4.7440e-01  -4.9408e-01
  -1.1817e-01  -9.6549e-02  -6.0154e-02  -3.6940e-02   3.1832e-02
   1.0032e-01   1.8318e-01   2.3219e-01   2.9146e-01   3.3872e-01
   2.5157e-01   3.3006e-01   4.0753e-01   4.7410e-01   5.1737e-01
   3.1093e-01   4.1319e-01   4.6911e-01   5.3883e-01   5.6908e-01
   3.1700e-01   3.7830e-01   4.5409e-01   4.7951e-01   5.0747e-01
   2.4380e-01   3.3064e-01   4.1590e-01   4.3284e-01   4.3187e-01
   1.9008e-01   2.8088e-01   3.2145e-01   3.4051e-01   3.5344e-01
   1.3571e-01   2.1837e-01   2.7538e-01   2.7876e-01   2.7080e-01
   1.5683e-01   2.0208e-01   2.1785e-01   2.5864e-01   2.7880e-01
   2.2502e-01   2.8454e-01   3.1703e-01   2.9574e-01   3.3453e-01
   3.4769e-01   4.2558e-01   4.4146e-01   4.3294e-01   4.3877e-01
   5.6975e-01   6.2576e-01   6.2390e-01   6.3352e-01   6.2127e-01
   7.9292e-01   8.3655e-01   8.6918e-01   8.8705e-01   8.4154e-01
   9.7394e-01   1.0788e+00   1.1129e+00   1.1125e+00   1.0713e+00
   1.1047e+00   1.2336e+00   1.3003e+00   1.2986e+00   1.2425e+00
   1.1475e+00   1.3235e+00   1.3963e+00   1.4451e+00   1.3790e+00
   1.0940e+00   1.2982e+00   1.4448e+00   1.4947e+00   1.4391e+00
   9.4470e-01   1.2250e+00   1.3830e+00   1.4761e+00   1.4313e+00
   7.9307e-01   1.0898e+00   1.3050e+00   1.4187e+00   1.3765e+00
   6.4489e-01   9.6893e-01   1.1980e+00   1.3201e+00   1.2786e+00
   5.3009e-01   8.7255e-01   1.1180e+00   1.2224e+00   1.1582e+00
   5.0339e-01   8.5117e-01   1.0362e+00   1.1235e+00   1.0480e+00
   4.9345e-01   8.2596e-01   1.0012e+00   1.0409e+00   9.5003e-01
   5.0892e-01   7.7915e-01   9.4333e-01   9.8874e-01   8.9541e-01
   4.5394e-01   7.5970e-01   8.8307e-01   9.3068e-01   8.6889e-01
   3.8326e-01   6.7364e-01   8.5244e-01   9.2857e-01   8.8916e-01
   3.3161e-01   6.1821e-01   8.1639e-01   9.6317e-01   9.7832e-01
   2.6574e-01   6.0355e-01   8.3371e-01   1.0328e+00   1.1293e+00
   2.8412e-01   6.2402e-01   9.0740e-01   1.1898e+00   1.3360e+00
   4.1087e-01   7.4921e-01   1.0853e+00   1.3649e+00   1.5674e+00
   6.2182e-01   9.6857e-01   1.3121e+00   1.5981e+00   1.7659e+00
   9.1725e-01   1.2490e+00   1.5501e+00   1.7880e+00   1.9101e+00
   1.2051e+00   1.5050e+00   1.7497e+00   1.9305e+00   1.9787e+00
   1.4557e+00   1.6892e+00   1.8589e+00   1.9622e+00   1.9578e+00
   1.5711e+00   1.7763e+00   1.8931e+00   1.8912e+00   1.8107e+00
   1.5230e+00   1.6863e+00   1.7311e+00   1.6945e+00   1.5747e+00
   1.3134e+00   1.4325e+00   1.4374e+00   1.3867e+00   1.2485e+00
   8.4541e-01   9.0586e-01   9.2105e-01   8.7742e-01   7.6645e-01

 Columns 16 through 20:

  -2.7890e+00  -2.7029e+00  -2.4505e+00  -2.0853e+00  -1.7018e+00
  -1.1990e+00  -1.0831e+00  -8.9223e-01  -6.4996e-01  -3.9310e-01
  -4.1490e-01  -3.1809e-01  -1.6014e-01   2.1624e-02   2.0352e-01
   8.1359e-02   2.0248e-01   3.1416e-01   4.6204e-01   5.7391e-01
   4.1775e-01   5.0720e-01   6.0911e-01   6.9351e-01   7.5788e-01
   5.6422e-01   6.2900e-01   7.1319e-01   7.5452e-01   7.7485e-01
   5.9325e-01   6.4738e-01   6.8198e-01   7.1680e-01   7.2259e-01
   5.3816e-01   5.7192e-01   5.9621e-01   6.0207e-01   6.4044e-01
   4.4776e-01   4.8049e-01   4.7688e-01   5.1962e-01   5.3423e-01
   3.5924e-01   3.8299e-01   3.9487e-01   4.3034e-01   4.8901e-01
   2.9198e-01   3.1735e-01   3.7549e-01   4.3649e-01   4.9103e-01
   2.8839e-01   3.3205e-01   3.6905e-01   4.4104e-01   5.0346e-01
   3.4219e-01   3.8158e-01   4.2801e-01   4.7133e-01   5.3297e-01
   4.3497e-01   4.6678e-01   5.0216e-01   5.3883e-01   5.9188e-01
   5.9241e-01   5.8960e-01   5.9674e-01   6.0854e-01   6.2973e-01
   7.8995e-01   7.0623e-01   6.7016e-01   6.3876e-01   6.6515e-01
   9.8802e-01   8.5408e-01   7.4963e-01   6.7810e-01   6.6948e-01
   1.1208e+00   9.5841e-01   8.2012e-01   7.0638e-01   6.5203e-01
   1.2352e+00   1.0742e+00   8.7465e-01   6.8524e-01   6.2095e-01
   1.2992e+00   1.0929e+00   8.5695e-01   6.7676e-01   5.8120e-01
   1.2834e+00   1.0816e+00   8.2281e-01   6.3010e-01   5.2638e-01
   1.2499e+00   1.0062e+00   7.9757e-01   5.9230e-01   4.6893e-01
   1.1191e+00   9.2334e-01   6.6925e-01   5.0184e-01   3.7240e-01
   1.0214e+00   7.8276e-01   5.4746e-01   3.5094e-01   2.3576e-01
   8.9207e-01   6.2498e-01   3.7588e-01   2.0240e-01   7.3426e-02
   7.6018e-01   5.0433e-01   2.4481e-01   2.2491e-02  -1.3272e-01
   6.7226e-01   4.1095e-01   1.4146e-01  -1.3127e-01  -3.3730e-01
   6.6384e-01   3.9263e-01   9.4473e-02  -2.2433e-01  -4.7388e-01
   7.2157e-01   4.6313e-01   1.6467e-01  -2.2121e-01  -5.5533e-01
   8.5049e-01   6.5673e-01   3.0729e-01  -8.8952e-02  -5.1882e-01
   1.0531e+00   8.7974e-01   5.6676e-01   1.4502e-01  -3.7680e-01
   1.3145e+00   1.1711e+00   8.8443e-01   4.1437e-01  -1.7425e-01
   1.5701e+00   1.4235e+00   1.1440e+00   6.8364e-01   8.6947e-02
   1.7784e+00   1.6485e+00   1.3602e+00   9.1614e-01   3.3581e-01
   1.9230e+00   1.7615e+00   1.4798e+00   1.0365e+00   5.1161e-01
   1.9143e+00   1.7519e+00   1.4533e+00   1.0545e+00   6.0443e-01
   1.8423e+00   1.6256e+00   1.3363e+00   9.8856e-01   5.5258e-01
   1.6508e+00   1.4108e+00   1.1138e+00   7.7121e-01   4.2654e-01
   1.3861e+00   1.1071e+00   8.2966e-01   5.2486e-01   2.3188e-01
   1.0177e+00   8.2441e-01   5.4223e-01   3.0169e-01   4.8113e-02
   6.4733e-01   4.6229e-01   2.5447e-01   1.0900e-01  -6.4944e-02

 Columns 21 through 25:

  -1.2832e+00  -8.8745e-01  -5.5970e-01  -3.2907e-01  -1.7338e-01
  -1.4502e-01   4.4193e-02   1.7801e-01   2.3047e-01   2.1532e-01
   3.5906e-01   4.6196e-01   5.1154e-01   4.8502e-01   4.2597e-01
   6.8808e-01   6.9797e-01   7.1877e-01   6.8535e-01   5.9041e-01
   8.0727e-01   8.1248e-01   8.2694e-01   7.9582e-01   7.2144e-01
   8.1514e-01   8.2010e-01   8.0448e-01   8.0336e-01   7.9361e-01
   7.4632e-01   7.4552e-01   7.6930e-01   7.8683e-01   8.2557e-01
   6.3552e-01   6.5515e-01   6.8748e-01   7.3153e-01   8.2188e-01
   5.4113e-01   5.9347e-01   6.1185e-01   7.1606e-01   8.1984e-01
   4.9938e-01   5.3055e-01   5.8181e-01   6.6980e-01   8.3203e-01
   5.0749e-01   5.1795e-01   5.9392e-01   6.8665e-01   8.2686e-01
   5.5373e-01   5.8261e-01   6.1428e-01   6.9125e-01   8.5477e-01
   5.7362e-01   6.2886e-01   6.4485e-01   7.4450e-01   8.6808e-01
   6.1937e-01   6.8222e-01   7.3445e-01   8.1805e-01   9.1753e-01
   6.8643e-01   7.2006e-01   7.9630e-01   8.8913e-01   9.4490e-01
   7.0632e-01   7.8216e-01   8.5966e-01   9.3753e-01   1.0195e+00
   7.1075e-01   7.9077e-01   8.9802e-01   9.9443e-01   1.0572e+00
   6.7104e-01   7.7444e-01   9.0565e-01   1.0312e+00   1.0963e+00
   6.1903e-01   7.3011e-01   8.8423e-01   1.0223e+00   1.1026e+00
   5.8110e-01   7.0588e-01   8.5276e-01   1.0002e+00   1.0924e+00
   5.2962e-01   6.5256e-01   8.0751e-01   9.5940e-01   1.0678e+00
   4.7570e-01   5.6519e-01   7.3653e-01   8.6064e-01   9.7545e-01
   3.9283e-01   4.6273e-01   6.0493e-01   7.3930e-01   8.2326e-01
   2.4811e-01   3.1811e-01   4.3262e-01   5.3705e-01   6.1320e-01
   4.4917e-02   9.8620e-02   1.7341e-01   2.7842e-01   3.5065e-01
  -1.9920e-01  -1.7671e-01  -1.5197e-01  -9.0235e-02  -1.2030e-02
  -4.6318e-01  -5.0748e-01  -5.3118e-01  -4.8932e-01  -4.4581e-01
  -7.0014e-01  -8.5266e-01  -9.5998e-01  -9.6784e-01  -9.4977e-01
  -8.8612e-01  -1.1421e+00  -1.3424e+00  -1.4541e+00  -1.4965e+00
  -9.7859e-01  -1.3779e+00  -1.6978e+00  -1.9089e+00  -1.9967e+00
  -9.4155e-01  -1.4500e+00  -1.8904e+00  -2.2109e+00  -2.4040e+00
  -8.0194e-01  -1.4093e+00  -1.9616e+00  -2.3795e+00  -2.6183e+00
  -5.7882e-01  -1.2145e+00  -1.8425e+00  -2.3394e+00  -2.6777e+00
  -3.1913e-01  -9.8189e-01  -1.6040e+00  -2.1514e+00  -2.5319e+00
  -9.7452e-02  -7.1807e-01  -1.3074e+00  -1.8556e+00  -2.2557e+00
   6.0947e-02  -4.8175e-01  -1.0352e+00  -1.5341e+00  -1.8998e+00
   1.0729e-01  -3.4187e-01  -8.1205e-01  -1.2109e+00  -1.5716e+00
   3.9062e-02  -3.0448e-01  -6.6338e-01  -1.0250e+00  -1.3153e+00
  -3.7161e-02  -3.5082e-01  -6.1968e-01  -8.9525e-01  -1.1263e+00
  -1.6898e-01  -3.8335e-01  -6.0709e-01  -7.9319e-01  -9.5015e-01
  -2.0552e-01  -3.4467e-01  -4.6109e-01  -5.7556e-01  -6.7168e-01

 Columns 26 through 30:

  -1.1958e-01  -1.1421e-01  -1.2956e-01  -1.6432e-01  -1.9285e-01
   1.5444e-01   6.7153e-02  -4.2541e-02  -1.4760e-01  -2.0650e-01
   3.0826e-01   2.3634e-01   9.8594e-02  -3.0381e-02  -9.5688e-02
   5.0884e-01   3.9737e-01   2.8681e-01   1.8460e-01   5.9711e-02
   6.6148e-01   5.8511e-01   5.2220e-01   4.2964e-01   3.1357e-01
   7.7295e-01   7.6851e-01   7.5272e-01   7.1860e-01   6.3612e-01
   8.9664e-01   9.4592e-01   9.7894e-01   9.8961e-01   9.2826e-01
   9.5760e-01   1.0721e+00   1.1860e+00   1.2322e+00   1.1978e+00
   9.7722e-01   1.1826e+00   1.3212e+00   1.4086e+00   1.3774e+00
   1.0226e+00   1.2230e+00   1.4160e+00   1.5333e+00   1.5001e+00
   1.0342e+00   1.2421e+00   1.4306e+00   1.5260e+00   1.5437e+00
   1.0277e+00   1.2275e+00   1.3897e+00   1.4768e+00   1.4824e+00
   1.0258e+00   1.1856e+00   1.3011e+00   1.3811e+00   1.3473e+00
   1.0260e+00   1.1146e+00   1.1767e+00   1.2168e+00   1.1614e+00
   1.0141e+00   1.0615e+00   1.0797e+00   1.0312e+00   9.6158e-01
   1.0287e+00   1.0245e+00   9.8399e-01   8.9013e-01   7.6920e-01
   1.0471e+00   1.0236e+00   9.0446e-01   7.7493e-01   6.3962e-01
   1.0880e+00   1.0004e+00   8.7301e-01   7.1832e-01   5.5105e-01
   1.1049e+00   1.0288e+00   8.6346e-01   6.7741e-01   5.1253e-01
   1.1097e+00   1.0398e+00   8.7947e-01   6.9254e-01   5.0635e-01
   1.0763e+00   1.0211e+00   8.4691e-01   6.6217e-01   5.0420e-01
   1.0003e+00   9.1593e-01   7.9503e-01   6.3412e-01   4.8591e-01
   8.2734e-01   7.8257e-01   6.9464e-01   5.5440e-01   4.3075e-01
   6.4220e-01   6.0418e-01   5.2103e-01   4.1366e-01   3.4258e-01
   3.7589e-01   3.4734e-01   3.2721e-01   2.8814e-01   2.5735e-01
   3.3903e-02   5.5637e-02   4.0946e-02   8.0127e-02   1.1365e-01
  -3.7657e-01  -3.3912e-01  -2.5663e-01  -1.8375e-01  -8.2092e-02
  -9.1085e-01  -7.9154e-01  -6.6910e-01  -5.2965e-01  -3.3634e-01
  -1.4270e+00  -1.3051e+00  -1.1443e+00  -9.3045e-01  -6.8893e-01
  -1.9717e+00  -1.8497e+00  -1.6548e+00  -1.3916e+00  -1.1063e+00
  -2.4330e+00  -2.3209e+00  -2.1142e+00  -1.8439e+00  -1.4974e+00
  -2.7322e+00  -2.6677e+00  -2.4986e+00  -2.2104e+00  -1.8654e+00
  -2.8519e+00  -2.8705e+00  -2.7195e+00  -2.4744e+00  -2.1400e+00
  -2.7787e+00  -2.8342e+00  -2.7820e+00  -2.5762e+00  -2.3000e+00
  -2.5345e+00  -2.6748e+00  -2.6596e+00  -2.5283e+00  -2.3052e+00
  -2.2073e+00  -2.3835e+00  -2.4484e+00  -2.3988e+00  -2.2077e+00
  -1.8664e+00  -2.0535e+00  -2.1483e+00  -2.1428e+00  -2.0458e+00
  -1.5454e+00  -1.7261e+00  -1.8721e+00  -1.8640e+00  -1.8105e+00
  -1.3240e+00  -1.4462e+00  -1.5595e+00  -1.5850e+00  -1.5337e+00
  -1.0861e+00  -1.1759e+00  -1.2619e+00  -1.2596e+00  -1.2335e+00
  -7.4904e-01  -7.8202e-01  -8.2150e-01  -8.0972e-01  -8.1256e-01

 Columns 31 through 35:

  -2.3180e-01  -2.7750e-01  -3.0063e-01  -3.0042e-01  -2.6974e-01
  -3.1277e-01  -3.7020e-01  -4.0725e-01  -4.0859e-01  -3.8285e-01
  -2.1495e-01  -2.8739e-01  -3.6274e-01  -3.9360e-01  -3.8893e-01
  -4.0537e-02  -1.4986e-01  -2.6984e-01  -3.0335e-01  -3.2440e-01
   1.9189e-01   6.1950e-02  -7.2526e-02  -1.6118e-01  -2.1433e-01
   4.9989e-01   3.1602e-01   1.6468e-01   5.8686e-03  -9.1402e-02
   7.9698e-01   6.0890e-01   3.9850e-01   2.1353e-01   3.8578e-02
   1.0621e+00   8.5409e-01   6.1313e-01   3.5709e-01   1.6406e-01
   1.2628e+00   1.0296e+00   7.5431e-01   4.4864e-01   2.3112e-01
   1.3878e+00   1.1181e+00   8.1961e-01   5.1245e-01   2.6614e-01
   1.3951e+00   1.1521e+00   8.6154e-01   5.4552e-01   2.8563e-01
   1.3361e+00   1.0915e+00   8.0269e-01   5.2544e-01   2.6263e-01
   1.2028e+00   9.8005e-01   7.2301e-01   4.6444e-01   2.5219e-01
   1.0355e+00   8.3730e-01   6.1720e-01   3.8969e-01   2.1067e-01
   8.3005e-01   6.5267e-01   4.9208e-01   3.1722e-01   1.7725e-01
   6.2439e-01   4.7985e-01   3.7901e-01   2.5835e-01   1.7796e-01
   4.8948e-01   3.5718e-01   2.8256e-01   2.2551e-01   1.8128e-01
   4.1428e-01   3.0188e-01   2.3272e-01   1.9568e-01   1.7321e-01
   3.8221e-01   2.7593e-01   2.2968e-01   2.1115e-01   1.9870e-01
   3.7283e-01   2.9032e-01   2.6029e-01   2.2883e-01   2.2732e-01
   3.7929e-01   2.9944e-01   2.6779e-01   2.4953e-01   2.5732e-01
   3.8561e-01   3.1530e-01   2.8924e-01   2.7913e-01   2.5043e-01
   3.5404e-01   3.1866e-01   3.0234e-01   2.8635e-01   2.3824e-01
   3.1590e-01   2.8690e-01   2.7615e-01   2.4792e-01   2.2047e-01
   2.5875e-01   2.6267e-01   2.4650e-01   2.2127e-01   1.8809e-01
   1.7342e-01   1.8601e-01   2.2336e-01   1.9711e-01   1.5785e-01
   2.3737e-06   1.1544e-01   1.6195e-01   1.5202e-01   9.5522e-02
  -1.9202e-01  -5.8388e-02   4.5832e-02   8.6718e-02   7.7348e-02
  -4.6748e-01  -2.7673e-01  -1.2865e-01  -2.7167e-02   3.9907e-03
  -8.0286e-01  -5.1884e-01  -3.3234e-01  -1.6637e-01  -8.5293e-02
  -1.1424e+00  -8.2306e-01  -5.4482e-01  -3.1527e-01  -1.8593e-01
  -1.4712e+00  -1.1201e+00  -7.6760e-01  -4.9635e-01  -2.9554e-01
  -1.7655e+00  -1.3728e+00  -1.0081e+00  -6.7064e-01  -4.1236e-01
  -1.9378e+00  -1.5580e+00  -1.1803e+00  -8.2511e-01  -5.3524e-01
  -2.0229e+00  -1.6745e+00  -1.2920e+00  -9.3658e-01  -6.3616e-01
  -1.9723e+00  -1.6878e+00  -1.3515e+00  -9.8833e-01  -6.9674e-01
  -1.8746e+00  -1.6279e+00  -1.3197e+00  -1.0093e+00  -7.0742e-01
  -1.6938e+00  -1.4596e+00  -1.2494e+00  -9.6313e-01  -6.9941e-01
  -1.4581e+00  -1.3031e+00  -1.0714e+00  -8.5442e-01  -5.9242e-01
  -1.1734e+00  -1.0581e+00  -8.6648e-01  -6.7072e-01  -5.0413e-01
  -7.5066e-01  -6.7604e-01  -5.7729e-01  -4.3322e-01  -3.1104e-01

 Columns 36 through 40:

  -1.7411e-01  -8.4481e-02   1.2727e-02   4.5104e-02   4.1193e-02
  -3.0377e-01  -2.0695e-01  -1.3080e-01  -4.6298e-02   2.4203e-03
  -3.1722e-01  -2.3354e-01  -1.4486e-01  -7.2339e-02  -3.3341e-02
  -2.9067e-01  -2.1397e-01  -1.3766e-01  -7.5819e-02  -3.8523e-02
  -2.1920e-01  -1.8874e-01  -1.2868e-01  -7.2183e-02  -3.3118e-02
  -1.3542e-01  -1.5188e-01  -8.7462e-02  -6.5261e-02  -3.5648e-02
  -5.2447e-02  -7.3077e-02  -7.0947e-02  -2.6480e-02  -2.4457e-02
   4.2100e-02  -5.0028e-02  -6.2811e-02  -2.7388e-02  -5.0250e-03
   7.1353e-02  -6.0241e-04  -3.5556e-02  -3.6392e-02  -1.1579e-02
   8.4553e-02   1.4421e-03  -2.2721e-02  -2.4055e-02  -2.3300e-02
   8.3570e-02   4.3277e-03  -2.2523e-02  -1.3283e-02   3.0111e-03
   1.0258e-01   1.6551e-02  -1.8860e-02  -3.7302e-02  -1.4319e-02
   1.1297e-01   2.0687e-02  -3.8753e-03  -1.1889e-02  -2.5521e-03
   9.3119e-02   3.6453e-02   1.5824e-02   6.7927e-03   2.0228e-04
   1.1023e-01   8.1463e-02   2.2174e-02  -3.9108e-03  -5.9279e-03
   1.1536e-01   7.7557e-02   3.8143e-02   2.5406e-02   1.1223e-02
   1.1573e-01   9.6009e-02   7.0275e-02   4.2163e-02   6.8749e-03
   1.6054e-01   1.2545e-01   7.3898e-02   4.5658e-02   3.0370e-02
   1.9063e-01   1.6918e-01   1.1435e-01   7.3771e-02   2.1810e-02
   2.1530e-01   1.6599e-01   1.4767e-01   7.4069e-02   3.5086e-02
   2.4529e-01   1.8494e-01   1.4252e-01   9.0299e-02   3.1977e-02
   2.2217e-01   2.0265e-01   1.3767e-01   8.4415e-02   3.6047e-02
   1.9912e-01   1.6159e-01   9.8901e-02   6.6727e-02   3.5812e-02
   1.8221e-01   1.0758e-01   8.9388e-02   4.4124e-02   2.2755e-02
   1.2422e-01   6.6978e-02   3.3652e-02   1.1541e-02   3.2820e-03
   1.1002e-01   3.9545e-02   5.8930e-03  -3.6853e-02  -3.0240e-02
   5.4563e-02   4.0225e-03  -2.3361e-02  -4.3777e-02  -2.7645e-02
   2.6593e-02  -2.2360e-02  -4.7493e-02  -4.5074e-02  -3.2520e-02
  -3.5833e-03  -1.8853e-02  -3.5558e-02  -5.1295e-02  -2.1412e-02
  -4.9819e-02  -2.6417e-02  -9.7903e-03  -2.5241e-02  -3.4519e-02
  -9.7631e-02  -4.5415e-02  -1.2542e-02  -1.8463e-02  -7.9800e-03
  -1.4884e-01  -7.8194e-02  -1.5812e-02   1.8351e-02  -2.0943e-03
  -2.3139e-01  -1.1015e-01  -1.8378e-02   1.3688e-02   7.4648e-03
  -3.0362e-01  -1.6023e-01  -5.4367e-02  -1.7758e-02  -1.5001e-03
  -3.7978e-01  -2.1239e-01  -7.3724e-02  -3.6822e-02  -2.2551e-02
  -4.5453e-01  -2.6443e-01  -1.0291e-01  -4.5822e-02  -1.6959e-02
  -4.6287e-01  -2.7635e-01  -1.3106e-01  -2.9648e-02  -4.2386e-02
  -4.5063e-01  -2.5712e-01  -1.4771e-01  -4.9737e-02  -1.0640e-02
  -3.8503e-01  -2.2971e-01  -1.2235e-01  -3.4862e-02   8.3789e-04
  -3.3365e-01  -1.9184e-01  -6.2828e-02  -1.9936e-02   2.9940e-02
  -2.1048e-01  -1.1245e-01  -5.3504e-02   3.3672e-03   6.3347e-03

 Column 41:

   4.8674e-02
   1.6121e-02
  -2.5674e-03
  -8.7868e-03
  -3.3965e-03
  -5.7353e-03
  -2.3218e-02
  -8.6126e-03
   2.9983e-02
  -1.0119e-02
   1.1987e-02
  -1.5291e-03
   9.0643e-03
  -5.4880e-03
  -1.5060e-02
  -1.3669e-02
   6.6171e-03
   2.0220e-02
   9.5852e-04
   4.1324e-03
  -3.7090e-03
   7.2945e-03
   1.5334e-02
   2.5545e-03
  -5.8246e-03
  -1.4109e-02
  -1.7368e-02
  -3.0533e-02
  -2.4684e-02
  -1.0195e-02
  -6.8220e-03
   2.7189e-03
   1.0121e-02
  -1.4590e-02
  -4.6860e-03
  -3.9753e-03
  -5.3396e-03
   7.0350e-03
   8.6837e-03
   1.3214e-02
   8.2270e-03

